110.0,5.27031148431131e-77
170.0,4.615376738585775e-76
133.0,5.747674951123706e-74
134.0,7.585991176828552e-74
11.0,4.6666244601256024e-70
167.0,6.938776084638996e-70
113.0,1.5723034885819572e-69
114.0,2.6521316220604766e-69
180.0,1.2357908498224397e-63
143.0,1.6262222642722185e-63
144.0,8.720592446556294e-62
123.0,2.086373999199355e-53
124.0,4.758817740340916e-53
194.0,7.972481897062951e-52
193.0,8.143409128560974e-52
187.0,5.456139541827178e-48
213.0,1.6408645957041705e-45
214.0,1.7938805537447375e-45
157.0,4.497928213337855e-42
176.0,2.3641634979445423e-40
177.0,5.976186171194828e-40
120.0,2.445562734210709e-38
160.0,7.765147460272388e-36
131.0,7.860543111316591e-36
204.0,2.974159769949501e-32
203.0,2.9911320437241906e-32
184.0,2.0744085482283264e-31
107.0,7.442622476937909e-31
251.0,2.8112330294549068e-30
130.0,1.5809388135061214e-29
183.0,1.869333670019111e-29
140.0,2.6577897076672763e-28
188.0,2.1051009684737114e-25
256.0,2.4197818890879383e-25
216.0,6.982421588363653e-24
236.0,9.187730639638557e-24
182.0,2.205667899475509e-23
262.0,4.371847047998301e-23
83.0,9.46107011435589e-23
136.0,9.75743432802829e-23
93.0,5.764546198034509e-22
156.0,6.797414860104996e-22
80.0,1.3337815477169375e-21
241.0,2.0554665953116505e-21
191.0,1.10248510296406e-20
254.0,7.996048667717174e-20
253.0,9.746091967328689e-20
150.0,5.7349988826469105e-19
231.0,8.456826047502092e-19
16.0,2.6920115664348758e-18
171.0,6.7601182885817716e-18
73.0,2.53383351079135e-17
189.0,7.26110014148112e-17
220.0,1.3316095852361938e-16
100.0,1.4202866959863593e-16
173.0,1.430084999976742e-16
174.0,1.6434312695987503e-16
57.0,8.884558130209977e-16
3.0,1.3407166344765137e-15
201.0,1.8099527381877412e-15
9.0,2.2860104627289063e-15
154.0,2.5890934785038963e-15
153.0,3.192498954155653e-15
221.0,4.418604362774399e-15
168.0,7.50915491248142e-14
181.0,7.668004256031802e-14
70.0,1.6928709814504182e-13
63.0,2.1349686207300363e-13
103.0,2.553302887464934e-13
252.0,2.820182138688382e-13
87.0,3.1609217109178584e-13
243.0,5.877303080427436e-13
244.0,6.234437773042165e-13
258.0,6.953362102573971e-13
25.0,8.540334353425216e-13
146.0,9.193236921682427e-13
26.0,1.8024739673039303e-12
259.0,2.3374683635980483e-12
53.0,2.731386807272188e-12
28.0,3.1286947197143974e-12
67.0,3.501800456010077e-12
77.0,3.955206796405036e-12
147.0,4.005012018771897e-12
151.0,4.502621334840459e-12
4.0,5.902343858517644e-12
43.0,8.230630714326194e-12
0.0,1.0148788500382e-11
90.0,1.1464412927037726e-11
50.0,1.1610886933628187e-11
7.0,1.2314536948138093e-11
94.0,1.5435994935747378e-11
40.0,2.7187449840100388e-11
84.0,2.8581941915619606e-11
227.0,2.946782941764711e-11
224.0,4.2446002487117155e-11
33.0,4.526503902978303e-11
8.0,4.617730605438424e-11
223.0,4.939624886616484e-11
6.0,4.967801983459308e-11
51.0,5.373240540295222e-11
1.0,8.509036816527476e-11
56.0,8.5193942273158e-11
66.0,1.0490606105108499e-10
60.0,1.382782960004523e-10
74.0,1.7787173764604552e-10
44.0,3.071437181700241e-10
41.0,3.2251204597105143e-10
141.0,4.0965400213324473e-10
64.0,4.350283994037469e-10
54.0,6.343540115374718e-10
233.0,7.245827592601207e-10
234.0,7.682220080977078e-10
76.0,8.124404111837743e-10
71.0,9.702020908291109e-10
122.0,1.1744819320561375e-09
162.0,1.2173695221125467e-09
29.0,2.299081910474603e-09
31.0,2.6680491273663688e-09
46.0,5.505643928481997e-09
61.0,5.519231355469526e-09
246.0,6.710250699597581e-09
169.0,7.052323596420355e-09
34.0,7.647475465947404e-09
250.0,9.017861391765707e-09
106.0,1.90781219760716e-08
2.0,2.2469470750526842e-08
30.0,2.8837161834556963e-08
196.0,3.710622113856092e-08
267.0,4.592642453931729e-08
185.0,6.570719446156151e-08
86.0,7.000385160098994e-08
260.0,7.906413019814725e-08
96.0,8.213137022803987e-08
47.0,8.40317240299977e-08
178.0,1.1873562956805483e-07
175.0,1.7578899059812562e-07
91.0,2.0884228641703322e-07
22.0,2.1467790234723028e-07
17.0,2.2935122756036553e-07
10.0,3.5347620019437367e-07
235.0,3.930558753707538e-07
245.0,5.211332613474189e-07
268.0,5.39356586910068e-07
111.0,7.2494720898707e-07
269.0,1.2128144563990906e-06
104.0,1.8509457478606274e-06
222.0,6.5406169840559765e-06
190.0,7.2469711783441635e-06
27.0,7.351374137581543e-06
261.0,9.502730512413788e-06
242.0,1.5622080202880128e-05
206.0,1.8929223570511067e-05
81.0,2.9208221646890805e-05
97.0,3.5978811804144734e-05
36.0,4.095453652522998e-05
105.0,4.578684330763472e-05
232.0,5.8218489327109814e-05
20.0,6.627352852076327e-05
125.0,0.0001697164728134773
12.0,0.00020725928145155325
200.0,0.00026148029543614644
37.0,0.00033403251860252177
21.0,0.00035025279019597816
165.0,0.00044385738107234965
210.0,0.0006828617861792774
112.0,0.000972412103761131
212.0,0.0009784879355556836
240.0,0.001307108743804837
249.0,0.001882981833794233
225.0,0.001892656921012313
101.0,0.0022112763281494545
248.0,0.002443872487374772
102.0,0.0031726654766536986
163.0,0.005082390347952477
121.0,0.005265687590064768
35.0,0.005337085831301912
164.0,0.006844493742703676
32.0,0.006848542146179361
202.0,0.008536448129827368
52.0,0.008814869297133304
142.0,0.010089921932527016
219.0,0.010364674962237405
218.0,0.010569585310107734
247.0,0.010648532793881206
264.0,0.011147363189384064
5.0,0.014811700719023574
230.0,0.015244534965797607
159.0,0.01645326615889783
226.0,0.02654180200707914
238.0,0.02785494531896028
239.0,0.028053518226844702
117.0,0.035418876851791674
263.0,0.041082664760724044
257.0,0.04724654579456245
155.0,0.06542560098710837
42.0,0.06548436742792588
137.0,0.06929838627087834
152.0,0.07264997569436736
65.0,0.07487854393159248
109.0,0.08954599039818129
58.0,0.09477362209359129
69.0,0.09660333345933848
68.0,0.10647260595420042
59.0,0.11226798328621476
75.0,0.1206768016607956
39.0,0.13405812138772744
38.0,0.1380529370357387
23.0,0.14166986694258862
24.0,0.14385103059172163
265.0,0.14871809320861404
45.0,0.15013685917584188
209.0,0.16032686494744183
208.0,0.16073624337227416
161.0,0.17434306656123483
135.0,0.17989012788226427
215.0,0.2008883397304994
179.0,0.23658368162649135
149.0,0.2517635641790152
82.0,0.2805719508285426
49.0,0.2915583368933297
18.0,0.2915832221215555
19.0,0.2939987652142532
116.0,0.31010695491910983
158.0,0.3254986259900028
266.0,0.34286813987000386
192.0,0.3738185680328898
186.0,0.38159804675499953
108.0,0.40308530977210544
199.0,0.4101971609817958
198.0,0.4122602901914316
229.0,0.42327701432906073
228.0,0.42668611441979665
62.0,0.45377519785892595
119.0,0.4925104777431413
118.0,0.49554032231323086
115.0,0.49927827822826354
197.0,0.4997792117408192
14.0,0.5030505919070628
13.0,0.5047717708320735
138.0,0.5375380541150129
78.0,0.544197458364611
98.0,0.5525917760562906
139.0,0.5705028784326664
48.0,0.5858601883312071
237.0,0.6030360396089034
127.0,0.6183247030638469
211.0,0.6250938623558899
129.0,0.6336329731438513
88.0,0.6345336793181624
172.0,0.6415817046258345
89.0,0.6586395480099742
79.0,0.6654374136062364
128.0,0.6728860582981709
99.0,0.6875792391210163
132.0,0.7433656350888282
195.0,0.7556071214495856
92.0,0.7869801680960441
72.0,0.7872045526413717
145.0,0.8197203331532185
205.0,0.8478756102084992
207.0,0.8538377169487145
15.0,0.8560215895623634
126.0,0.8847933352431666
55.0,0.8968268712709206
85.0,0.8999630578369657
95.0,0.935845250461556
255.0,0.9450087350279947
217.0,0.9695416157234515
166.0,0.9776720691188254
148.0,0.9975011105026075
